2015060100
2015060106
2015060112
2015060118
2015060200
2015060206
2015060212
2015060218
2015060300
2015060306
2015060312
2015060318
2015060400
2015060406
2015060412
2015060418
2015060500
2015060506
2015060512
2015060518
2015060600
2015060606
2015060612
2015060618
2015060700
2015060706
2015060712
2015060718
2015060800
2015060806
2015060812
2015060818
2015060900
2015060906
2015060912
2015060918
2015061000
2015061006
2015061012
2015061018
2015061100
2015061106
2015061112
2015061118
2015061200
2015061206
2015061212
2015061218
2015061300
2015061306
2015061312
2015061318
2015061400
2015061406
2015061412
2015061418
2015061500
2015061506
2015061512
2015061518
2015061600
2015061606
2015061612
2015061618
2015061700
2015061706
2015061712
2015061718
2015061800
2015061806
2015061812
2015061818
2015061900
2015061906
2015061912
2015061918
2015062000
2015062006
2015062012
2015062018
2015062100
2015062106
2015062112
2015062118
2015062200
2015062206
2015062212
2015062218
2015062300
2015062306
2015062312
2015062318
2015062400
2015062406
2015062412
2015062418
2015062500
2015062506
2015062512
2015062518
2015062600
2015062606
2015062612
2015062618
2015062700
2015062706
2015062712
2015062718
2015062800
2015062806
2015062812
2015062818
2015062900
2015062906
2015062912
2015062918
2015063000
2015063006
2015063012
2015063018
2015070100
2015070106
2015070112
2015070118
2015070200
2015070206
2015070212
2015070218
2015070300
2015070306
2015070312
2015070318
2015070400
2015070406
2015070412
2015070418
2015070500
2015070506
2015070512
2015070518
2015070600
2015070606
2015070612
2015070618
2015070700
2015070706
2015070712
2015070718
2015070800
2015070806
2015070812
2015070818
2015070900
2015070906
2015070912
2015070918
2015071000
2015071006
2015071012
2015071018
2015071100
2015071106
2015071112
2015071118
2015071200
2015071206
2015071212
2015071218
2015071300
2015071306
2015071312
2015071318
2015071400
2015071406
2015071412
2015071418
2015071500
2015071506
2015071512
2015071518
2015071600
2015071606
2015071612
2015071618
2015071700
2015071706
2015071712
2015071718
2015071800
2015071806
2015071812
2015071818
2015071900
2015071906
2015071912
2015071918
2015072000
2015072006
2015072012
2015072018
2015072100
2015072106
2015072112
2015072118
2015072200
2015072206
2015072212
2015072218
2015072300
2015072306
2015072312
2015072318
2015072400
2015072406
2015072412
2015072418
2015072500
2015072506
2015072512
2015072518
2015072600
2015072606
2015072612
2015072618
2015072700
2015072706
2015072712
2015072718
2015072800
2015072806
2015072812
2015072818
2015072900
2015072906
2015072912
2015072918
2015073000
2015073006
2015073012
2015073018
2015073100
2015073106
2015073112
2015073118
2015080100
2015080106
2015080112
2015080118
2015080200
2015080206
2015080212
2015080218
2015080300
2015080306
2015080312
2015080318
2015080400
2015080406
2015080412
2015080418
2015080500
2015080506
2015080512
2015080518
2015080600
2015080606
2015080612
2015080618
2015080700
2015080706
2015080712
2015080718
2015080800
2015080806
2015080812
2015080818
2015080900
2015080906
2015080912
2015080918
2015081000
2015081006
2015081012
2015081018
2015081100
2015081106
2015081112
2015081118
2015081200
2015081206
2015081212
2015081218
2015081300
2015081306
2015081312
2015081318
2015081400
2015081406
2015081412
2015081418
2015081500
2015081506
2015081512
2015081518
2015081600
2015081606
2015081612
2015081618
2015081700
2015081706
2015081712
2015081718
2015081800
2015081806
2015081812
2015081818
2015081900
2015081906
2015081912
2015081918
2015082000
2015082006
2015082012
2015082018
2015082100
2015082106
2015082112
2015082118
2015082200
2015082206
2015082212
2015082218
2015082300
2015082306
2015082312
2015082318
2015082400
2015082406
2015082412
2015082418
2015082500
2015082506
2015082512
2015082518
2015082600
2015082606
2015082612
2015082618
2015082700
2015082706
2015082712
2015082718
2015082800
2015082806
2015082812
2015082818
2015082900
2015082906
2015082912
2015082918
2015083000
2015083006
2015083012
2015083018
2015083100
2015083106
2015083112
2015083118
2015090100
2015090106
2015090112
2015090118
2015090200
2015090206
2015090212
2015090218
2015090300
2015090306
2015090312
2015090318
2015090400
2015090406
2015090412
2015090418
2015090500
2015090506
2015090512
2015090518
2015090600
2015090606
2015090612
2015090618
2015090700
2015090706
2015090712
2015090718
2015090800
2015090806
2015090812
2015090818
2015090900
2015090906
2015090912
2015090918
2015091000
2015091006
2015091012
2015091018
2015091100
2015091106
2015091112
2015091118
2015091200
2015091206
2015091212
2015091218
2015091300
2015091306
2015091312
2015091318
2015091400
2015091406
2015091412
2015091418
2015091500
2015091506
2015091512
2015091518
2015091600
2015091606
2015091612
2015091618
2016010100
2016010106
2016010112
2016010118
2016010200
2016010206
2016010212
2016010218
2016010300
2016010306
2016010312
2016010318
2016010400
2016010406
2016010412
2016010418
2016010500
2016010506
2016010512
2016010518
2016010600
2016010606
2016010612
2016010618
2016010700
2016010706
2016010712
2016010718
2016010800
2016010806
2016010812
2016010818
2016010900
2016010906
2016010912
2016010918
2016011000
2016011006
2016011012
2016011018
2016011100
2016011106
2016011112
2016011118
2016011200
2016011206
2016011212
2016011218
2016011300
2016011306
2016011312
2016011318
2016011400
2016011406
2016011412
2016011418
2016011500
2016011506
2016011512
2016011518
2016011600
2016011606
2016011612
2016011618
2016011700
2016011706
2016011712
2016011718
2016011800
2016011806
2016011812
2016011818
2016011900
2016011906
2016011912
2016011918
2016012000
2016012006
2016012012
2016012018
2016012100
2016012106
2016012112
2016012118
2016012200
2016012206
2016012212
2016012218
2016012300
2016012306
2016012312
2016012318
2016012400
2016012406
2016012412
2016012418
2016012500
2016012506
2016012512
2016012518
2016012600
2016012606
2016012612
2016012618
2016012700
2016012706
2016012712
2016012718
2016012800
2016012806
2016012812
2016012818
2016012900
2016012906
2016012912
2016012918
2016013000
2016013006
2016013012
2016013018
2016013100
2016013106
2016013112
2016013118
2016020100
2016020106
2016020112
2016020118
2016020200
2016020206
2016020212
2016020218
2016020300
2016020306
2016020312
2016020318
2016020400
2016020406
2016020412
2016020418
2016020500
2016020506
2016020512
2016020518
2016020600
2016020606
2016020612
2016020618
2016020700
2016020706
2016020712
2016020718
2016020800
2016020806
2016020812
2016020818
2016020900
2016020906
2016020912
2016020918
2016021000
2016021006
2016021012
2016021018
2016021100
2016021106
2016021112
2016021118
2016021200
2016021206
2016021212
2016021218
2016021300
2016021306
2016021312
2016021318
2016021400
2016021406
2016021412
2016021418
2016021500
2016021506
2016021512
2016021518
2016021600
2016021606
2016021612
2016021618
2016021700
2016021706
2016021712
2016021718
2016021800
2016021806
2016021812
2016021818
2016021900
2016021906
2016021912
2016021918
2016022000
2016022006
2016022012
2016022018
2016022100
2016022106
2016022112
2016022118
2016022200
2016022206
2016022212
2016022218
2016022300
2016022306
2016022312
2016022318
2016022400
2016022406
2016022412
2016022418
2016022500
2016022506
2016022512
2016022518
2016022600
2016022606
2016022612
2016022618
2016022700
2016022706
2016022712
2016022718
2016022800
2016022806
2016022812
2016022818
2016022900
2016022906
2016022912
2016022918
2016030100
2016030106
2016030112
2016030118
2016030200
2016030206
2016030212
2016030218
2016030300
2016030306
2016030312
2016030318
2016030400
2016030406
2016030412
2016030418
2016030500
2016030506
2016030512
2016030518
2016030600
2016030606
2016030612
2016030618
2016030700
2016030706
2016030712
2016030718
2016030800
2016030806
2016030812
2016030818
2016030900
2016030906
2016030912
2016030918
2016031000
2016031006
2016031012
2016031018
2016031100
2016031106
2016031112
2016031118
2016031200
2016031206
2016031212
2016031218
2016031300
2016031306
2016031312
2016031318
2016031400
2016031406
2016031412
2016031418
2016031500
2016031506
2016031512
2016031518
2016031600
2016031606
2016031612
2016031618
2016031700
2016031706
2016031712
2016031718
2016031800
2016031806
2016031812
2016031818
2016031900
2016031906
2016031912
2016031918
2016032000
2016032006
2016032012
2016032018
2016032100
2016032106
2016032112
2016032118
2016032200
2016032206
2016032212
2016032218
2016032300
2016032306
2016032312
2016032318
2016032400
2016032406
2016032412
2016032418
2016032500
2016032506
2016032512
2016032518
2016032600
2016032606
2016032612
2016032618
2016032700
2016032706
2016032712
2016032718
2016032800
2016032806
2016032812
2016032818
2016032900
2016032906
2016032912
2016032918
2016033000
2016033006
2016033012
2016033018
2016033100
2016033106
2016033112
2016033118
